1000434333,1000434333
1000434334,1000434334
1000434365,1000434365
1000434366,1000434366
1000434395,1000434395
1000434408,1000434408
1000434410,1000434410
1000434411,1000434411
1000434412,1000434412
1000434425,1000434425
1000434453,1000434453
1000434455,1000434455
1000434456,1000434456
1000434457,1000434457
1000434458,1000434458
1000434459,1000434459
1000434460,1000434460
1000434479,1000434479
1000434480,1000434480
1000434491,1000434491
1000434492,1000434492
1000434518,1000434518
1000434519,1000434519
1000434520,1000434520
1000434534,1000434534
1000434536,1000434536
1000434537,1000434537
1000434546,1000434546
1000434547,1000434547
1000434565,1000434565
1000434588,1000434588
1000434589,1000434589
1000434590,1000434590
1000434593,1000434593
1000434609,1000434609
1000434610,1000434610
1000434612,1000434612
1000434627,1000434627
1000434628,1000434628
1000434629,1000434629
1000434630,1000434630
1000434633,1000434633
1000434634,1000434634
1000434651,1000434651
1000434654,1000434654
1000434655,1000434655
1000434656,1000434656
1000434657,1000434657
1000434664,1000434664
1000434665,1000434665
1000434685,1000434685
1000434686,1000434686
1000434709,1000434709
1000434710,1000434710
1000434724,1000434724
1000434726,1000434726
1000434727,1000434727
1000434728,1000434728
1000434747,1000434747
1000434748,1000434748
1000434749,1000434749
1000434750,1000434750
1000434751,1000434751
1000434767,1000434767
1000434768,1000434768
1000434769,1000434769
1000434770,1000434770
1000434784,1000434784
1000434785,1000434785
1000434786,1000434786
1000434787,1000434787
1000434789,1000434789
1000434790,1000434790
1000434791,1000434791
1000434804,1000434804
1000434805,1000434805
1000434807,1000434807
1000434808,1000434808
1000434821,1000434821
1000434822,1000434822
1000434823,1000434823
1000434824,1000434824
1000434825,1000434825
1000434861,1000434861
1000434863,1000434863
1000434864,1000434864
1000434865,1000434865
1000434866,1000434866
1000434881,1000434881
1000434882,1000434882
1000434921,1000434921
1000434922,1000434922
1000434942,1000434942
1000434944,1000434944
1000434945,1000434945
1000434946,1000434946
1000434948,1000434948
1000434949,1000434949
1000434952,1000434952
1000434953,1000434953
1000434954,1000434954
1000434955,1000434955
1000434956,1000434956
1000434959,1000434959
1000434960,1000434960
1000434961,1000434961
1000435001,1000435001
1000435004,1000435004
1000435005,1000435005
1000435007,1000435007
1000435008,1000435008
1000435009,1000435009
1000435021,1000435021
1000435022,1000435022
1000435023,1000435023
1000435024,1000435024
1000435041,1000435041
1000435042,1000435042
1000435043,1000435043
1000435062,1000435062
1000435063,1000435063
1000435064,1000435064
1000435066,1000435066
1000435067,1000435067
1000435081,1000435081
1000435083,1000435083
1000435084,1000435084
1000435085,1000435085
1000435086,1000435086
1000435087,1000435087
1000435089,1000435089
1000435090,1000435090
1000435091,1000435091
1000435092,1000435092
1000435093,1000435093
1000435094,1000435094
1000435102,1000435102
1000435103,1000435103
1000435104,1000435104
1000435105,1000435105
1000435106,1000435106
1000435107,1000435107
1000435108,1000435108
1000435109,1000435109
1000435110,1000435110
1000435111,1000435111
1000435112,1000435112
1000435113,1000435113
1000435122,1000435122
1000435124,1000435124
1000435125,1000435125
1000435126,1000435126
1000435131,1000435131
1000435133,1000435133
1000435141,1000435141
1000435144,1000435144
1000435146,1000435146
1000435147,1000435147
1000435148,1000435148
1000435149,1000435149
1000435150,1000435150
1000435162,1000435162
1000435163,1000435163
1000435166,1000435166
1000435168,1000435168
1000435169,1000435169
1000435170,1000435170
1000435171,1000435171
1000435172,1000435172
1000435173,1000435173
1000435174,1000435174
1000435175,1000435175
1000435176,1000435176
1000435181,1000435181
1000435183,1000435183
1000435184,1000435184
1000435185,1000435185
1000435186,1000435186
1000435187,1000435187
1000435188,1000435188
1000435189,1000435189
1000435191,1000435191
1000435193,1000435193
1000435201,1000435201
1000435203,1000435203
1000435204,1000435204
1000435205,1000435205
1000435206,1000435206
1000435221,1000435221
1000435222,1000435222
1000435223,1000435223
1000435224,1000435224
1000435225,1000435225
1000435226,1000435226
1000435227,1000435227
1000435228,1000435228
1000435241,1000435241
1000435242,1000435242
1000435243,1000435243
1000435244,1000435244
1000435245,1000435245
1000435246,1000435246
1000435247,1000435247
1000435248,1000435248
1000435261,1000435261
1000435262,1000435262
1000435263,1000435263
1000435264,1000435264
1000435265,1000435265
1000435266,1000435266
1000435267,1000435267
1000435268,1000435268
1000435269,1000435269
1000435281,1000435281
1000435282,1000435282
1000435283,1000435283
1000435284,1000435284
1000435285,1000435285
1000435286,1000435286
1000435287,1000435287
1000435288,1000435288
1000435289,1000435289
1000435301,1000435301
1000435302,1000435302
1000435303,1000435303
1000435304,1000435304
1000435321,1000435321
1000435322,1000435322
1000435324,1000435324
1000435325,1000435325
1000435326,1000435326
1000435341,1000435341
1000435342,1000435342
1000435343,1000435343
1000435344,1000435344
1000435346,1000435346
1000435347,1000435347
1000435361,1000435361
1000435363,1000435363
1000435364,1000435364
1000435365,1000435365
1000435367,1000435367
1000435381,1000435381
1000435382,1000435382
1000435384,1000435384
1000435386,1000435386
1000435401,1000435401
1000435402,1000435402
1000435403,1000435403
1000435404,1000435404
1000435405,1000435405
1000435406,1000435406
1000435407,1000435407
1000435421,1000435421
1000435422,1000435422
1000435423,1000435423
1000435424,1000435424
1000435425,1000435425
1000435427,1000435427
1000435441,1000435441
1000435442,1000435442
1000435443,1000435443
1000435444,1000435444
1000435445,1000435445
1000435462,1000435462
1000435463,1000435463
1000435464,1000435464
1000435481,1000435481
1000435482,1000435482
1000435483,1000435483
1000435484,1000435484
1000435485,1000435485
1000435501,1000435501
1000435503,1000435503
1000435504,1000435504
1000435522,1000435522
1000435523,1000435523
1000435541,1000435541
1000435561,1000435561
1000435563,1000435563
1000435564,1000435564
1000435566,1000435566
1000435568,1000435568
1000435581,1000435581
1000435582,1000435582
1000435583,1000435583
1000435601,1000435601
1000435602,1000435602
1000435603,1000435603
1000435605,1000435605
1000435606,1000435606
1000435621,1000435621
1000435622,1000435622
1000435624,1000435624
1000435625,1000435625
1000435626,1000435626
1000435627,1000435627
1000435641,1000435641
1000435642,1000435642
1000435643,1000435643
1000435662,1000435662
1000435664,1000435664
1000435665,1000435665
1000435666,1000435666
1000435677,1000435677
1000435678,1000435678
1000435681,1000435681
1000435682,1000435682
1000435683,1000435683
1000435706,1000435706
1000435721,1000435721
1000435722,1000435722
1000435743,1000435743
1000435750,1000435750
1000435751,1000435751
1000435761,1000435761
1000435762,1000435762
1000435763,1000435763
1000435781,1000435781
1000435782,1000435782
1000435788,1000435788
1000435789,1000435789
1000435793,1000435793
1000435794,1000435794
1000435803,1000435803
1000435804,1000435804
1000435805,1000435805
1000435807,1000435807
1000435811,1000435811
1000435815,1000435815
1000435821,1000435821
1000435822,1000435822
1000435823,1000435823
1000435841,1000435841
1000435842,1000435842
1000435843,1000435843
1000435844,1000435844
1000435845,1000435845
1000435846,1000435846
1000435863,1000435863
1000435881,1000435881
1000435884,1000435884
1000435885,1000435885
1000435889,1000435889
1000435901,1000435901
1000435904,1000435904
1000435921,1000435921
1000435922,1000435922
1000435924,1000435924
1000435941,1000435941
1000435942,1000435942
1000435943,1000435943
1000435944,1000435944
1000435963,1000435963
1000435982,1000435982
1000435986,1000435986
1000436002,1000436002
1000436009,1000436009
1000436021,1000436021
1000436041,1000436041
1000436042,1000436042
1000436043,1000436043
1000436053,1000436053
1000436061,1000436061
1000436062,1000436062
1000436101,1000436101
1000436102,1000436102
1000436121,1000436121
1000436141,1000436141
1000436142,1000436142
1000436144,1000436144
1000436145,1000436145
1000436161,1000436161
1000436162,1000436162
1000436181,1000436181
1000436188,1000436188
1000436216,1000436216
1000436217,1000436217
1000436222,1000436222
1000436241,1000436241
1000436248,1000436248
1000436264,1000436264
1000436281,1000436281
1000436285,1000436285
1000436301,1000436301
1000436302,1000436302
1000436303,1000436303
1000436380,1000436380
1000436414,1000436414
1000436459,1000436459
1000436478,1000436478
1000436500,1000436500
1000436692,1000436692
1000436714,1000436714
1000436730,1000436730
1000436773,1000436773
1000436782,1000436782
1000436792,1000436792
1000436836,1000436836
1000436849,1000436849
1000436905,1000436905
1000436950,1000436950
1000436955,1000436955
1000436987,1000436987
1000436988,1000436988
1000437033,1000437033
1000437067,1000437067
1000437101,1000437101
1000437102,1000437102
1000437129,1000437129
1000437141,1000437141
1000437160,1000437160
1000437163,1000437163
1000437167,1000437167
1000437222,1000437222
1000437242,1000437242
1000437261,1000437261
1000437284,1000437284
1000437301,1000437301
1000437302,1000437302
1000437324,1000437324
1000437325,1000437325
1000437338,1000437338
1000437339,1000437339
1000437340,1000437340
1000437341,1000437341
1000437400,1000437400
1000437420,1000437420
1000437479,1000437479
1000437496,1000437496
1000437497,1000437497
1000437498,1000437498
1000437499,1000437499
1000437539,1000437539
1000437540,1000437540
1000437579,1000437579
1000437599,1000437599
1000437600,1000437600
1000437639,1000437639
1000437736,1000437736
1000437778,1000437778
1000437800,1000437800
1000437812,1000437812
1000437871,1000437871
1000437878,1000437878
1000437894,1000437894
1000437931,1000437931
1000437935,1000437935
